14.70430459 121.0963885
14.70421306 121.0964243
14.70423527 121.0964378
14.70424181 121.0964235
14.70418741 121.0964397
14.70416461 121.0964044
14.7041165  121.096435
14.70413603 121.0964371
14.70414978 121.0964221
14.70413561 121.096414
14.70414944 121.0964119
14.70401667 121.0962074
14.70380872 121.0960345
14.70293356 121.0959726
14.70225605 121.0957542
14.70202102 121.0957246
14.70156807 121.0957902
14.70132222 121.0958572
14.70099265 121.095835
14.70063524 121.0956564
14.70016904 121.0953845
14.69979001 121.0951879
14.69964232 121.0951614
14.69943764 121.0952859
14.69921283 121.0954641
14.70430459 121.0963885
14.70421306 121.0964243
14.70423527 121.0964378
14.70424181 121.0964235
14.70418741 121.0964397
14.70416461 121.0964044
14.7041165  121.096435
14.70413603 121.0964371
14.70414978 121.0964221
14.70413561 121.096414
14.70414944 121.0964119
14.70401667 121.0962074
14.70380872 121.0960345
14.70293356 121.0959726
14.70225605 121.0957542
14.70202102 121.0957246
14.70156807 121.0957902
14.70132222 121.0958572
14.70099265 121.095835
14.70063524 121.0956564
14.70016904 121.0953845
14.69979001 121.0951879
14.69964232 121.0951614
14.69943764 121.0952859
14.69921283 121.0954641
14.70430459 121.0963885
14.70421306 121.0964243
14.70423527 121.0964378
14.70424181 121.0964235
14.70418741 121.0964397
14.70416461 121.0964044
14.7041165  121.096435
14.70413603 121.0964371
14.70414978 121.0964221
14.70413561 121.096414
14.70414944 121.0964119
14.70401667 121.0962074
14.70380872 121.0960345
14.70293356 121.0959726
14.70225605 121.0957542
14.70202102 121.0957246
14.70156807 121.0957902
14.70132222 121.0958572
14.70099265 121.095835
14.70063524 121.0956564
14.70016904 121.0953845
14.69979001 121.0951879
14.69964232 121.0951614
14.69943764 121.0952859
14.69921283 121.0954641
14.70430459 121.0963885
14.70421306 121.0964243
14.70423527 121.0964378
14.70424181 121.0964235
14.70418741 121.0964397
14.70416461 121.0964044
14.7041165  121.096435
14.70413603 121.0964371
14.70414978 121.0964221
14.70413561 121.096414
14.70414944 121.0964119
14.70401667 121.0962074
14.70380872 121.0960345
14.70293356 121.0959726
14.70225605 121.0957542
14.70202102 121.0957246
14.70156807 121.0957902
14.70132222 121.0958572
14.70099265 121.095835
14.70063524 121.0956564
14.70016904 121.0953845
14.69979001 121.0951879
14.69964232 121.0951614
14.69943764 121.0952859
14.69921283 121.0954641
14.70430459 121.0963885
14.70421306 121.0964243
14.70423527 121.0964378
14.70424181 121.0964235
14.70418741 121.0964397
14.70416461 121.0964044
14.7041165  121.096435
14.70413603 121.0964371
14.70414978 121.0964221
14.70413561 121.096414
14.70414944 121.0964119
14.70401667 121.0962074
14.70380872 121.0960345
14.70293356 121.0959726
14.70225605 121.0957542
14.70202102 121.0957246
14.70156807 121.0957902
14.70132222 121.0958572
14.70099265 121.095835
14.70063524 121.0956564
14.70016904 121.0953845
14.69979001 121.0951879
14.69964232 121.0951614
14.69943764 121.0952859
14.69921283 121.0954641
14.70430459 121.0963885
14.70421306 121.0964243
14.70423527 121.0964378
14.70424181 121.0964235
14.70418741 121.0964397
14.70416461 121.0964044
14.7041165  121.096435
14.70413603 121.0964371
14.70414978 121.0964221
14.70413561 121.096414
14.70414944 121.0964119
14.70401667 121.0962074
14.70380872 121.0960345
14.70293356 121.0959726
14.70225605 121.0957542
14.70202102 121.0957246
14.70156807 121.0957902
14.70132222 121.0958572
14.70099265 121.095835
14.70063524 121.0956564
14.70016904 121.0953845
14.69979001 121.0951879
14.69964232 121.0951614
14.69943764 121.0952859
14.69921283 121.0954641
14.70430459 121.0963885
14.70421306 121.0964243
14.70423527 121.0964378
14.70424181 121.0964235
14.70418741 121.0964397
14.70416461 121.0964044
14.7041165  121.096435
14.70413603 121.0964371
14.70414978 121.0964221
14.70413561 121.096414
14.70414944 121.0964119
14.70401667 121.0962074
14.70380872 121.0960345
14.70293356 121.0959726
14.70225605 121.0957542
14.70202102 121.0957246
14.70156807 121.0957902
14.70132222 121.0958572
14.70099265 121.095835
14.70063524 121.0956564
14.70016904 121.0953845
14.69979001 121.0951879
14.69964232 121.0951614
14.69943764 121.0952859
14.69921283 121.0954641
14.70430459 121.0963885
14.70421306 121.0964243
14.70423527 121.0964378
14.70424181 121.0964235
14.70418741 121.0964397
14.70416461 121.0964044
14.7041165  121.096435
14.70413603 121.0964371
14.70414978 121.0964221
14.70413561 121.096414
14.70414944 121.0964119
14.70401667 121.0962074
14.70380872 121.0960345
14.70293356 121.0959726
14.70225605 121.0957542
14.70202102 121.0957246
14.70156807 121.0957902
14.70132222 121.0958572
14.70099265 121.095835
14.70063524 121.0956564
14.70016904 121.0953845
14.69979001 121.0951879
14.69964232 121.0951614
14.69943764 121.0952859
14.69921283 121.0954641
14.70430459 121.0963885
14.70421306 121.0964243
14.70423527 121.0964378
14.70424181 121.0964235
14.70418741 121.0964397
14.70416461 121.0964044
14.7041165  121.096435
14.70413603 121.0964371
14.70414978 121.0964221
14.70413561 121.096414
14.70414944 121.0964119
14.70401667 121.0962074
14.70380872 121.0960345
14.70293356 121.0959726
14.70225605 121.0957542
14.70202102 121.0957246
14.70156807 121.0957902
14.70132222 121.0958572
14.70099265 121.095835
14.70063524 121.0956564
14.70016904 121.0953845
14.69979001 121.0951879
14.69964232 121.0951614
14.69943764 121.0952859
14.69921283 121.0954641
14.70430459 121.0963885
14.70421306 121.0964243
14.70423527 121.0964378
14.70424181 121.0964235
14.70418741 121.0964397
14.70416461 121.0964044
14.7041165  121.096435
14.70413603 121.0964371
14.70414978 121.0964221
14.70413561 121.096414
14.70414944 121.0964119
14.70401667 121.0962074
14.70380872 121.0960345
14.70293356 121.0959726
14.70225605 121.0957542
14.70202102 121.0957246
14.70156807 121.0957902
14.70132222 121.0958572
14.70099265 121.095835
14.70063524 121.0956564
14.70016904 121.0953845
14.69979001 121.0951879
14.69964232 121.0951614
14.69943764 121.0952859
14.69921283 121.0954641
14.70430459 121.0963885
14.70421306 121.0964243
14.70423527 121.0964378
14.70424181 121.0964235
14.70418741 121.0964397
14.70416461 121.0964044
14.7041165  121.096435
14.70413603 121.0964371
14.70414978 121.0964221
14.70413561 121.096414
14.70414944 121.0964119
14.70401667 121.0962074
14.70380872 121.0960345
14.70293356 121.0959726
14.70225605 121.0957542
14.70202102 121.0957246
14.70156807 121.0957902
14.70132222 121.0958572
14.70099265 121.095835
14.70063524 121.0956564
14.70016904 121.0953845
14.69979001 121.0951879
14.69964232 121.0951614
14.69943764 121.0952859
14.69921283 121.0954641
14.70430459 121.0963885
14.70421306 121.0964243
14.70423527 121.0964378
14.70424181 121.0964235
14.70418741 121.0964397
14.70416461 121.0964044
14.7041165  121.096435
14.70413603 121.0964371
14.70414978 121.0964221
14.70413561 121.096414
14.70414944 121.0964119
14.70401667 121.0962074
14.70380872 121.0960345
14.70293356 121.0959726
14.70225605 121.0957542
14.70202102 121.0957246
14.70156807 121.0957902
14.70132222 121.0958572
14.70099265 121.095835
14.70063524 121.0956564
14.70016904 121.0953845
14.69979001 121.0951879
14.69964232 121.0951614
14.69943764 121.0952859
14.69921283 121.0954641
14.70430459 121.0963885
14.70421306 121.0964243
14.70423527 121.0964378
14.70424181 121.0964235
14.70418741 121.0964397
14.70416461 121.0964044
14.7041165  121.096435
14.70413603 121.0964371
14.70414978 121.0964221
14.70413561 121.096414
14.70414944 121.0964119
14.70401667 121.0962074
14.70380872 121.0960345
14.70293356 121.0959726
14.70225605 121.0957542
14.70202102 121.0957246
14.70156807 121.0957902
14.70132222 121.0958572
14.70099265 121.095835
14.70063524 121.0956564
14.70016904 121.0953845
14.69979001 121.0951879
14.69964232 121.0951614
14.69943764 121.0952859
14.69921283 121.0954641
14.70430459 121.0963885
14.70421306 121.0964243
14.70423527 121.0964378
14.70424181 121.0964235
14.70418741 121.0964397
14.70416461 121.0964044
14.7041165  121.096435
14.70413603 121.0964371
14.70414978 121.0964221
14.70413561 121.096414
14.70414944 121.0964119
14.70401667 121.0962074
14.70380872 121.0960345
14.70293356 121.0959726
14.70225605 121.0957542
14.70202102 121.0957246
14.70156807 121.0957902
14.70132222 121.0958572
14.70099265 121.095835
14.70063524 121.0956564
14.70016904 121.0953845
14.69979001 121.0951879
14.69964232 121.0951614
14.69943764 121.0952859
14.69921283 121.0954641
14.70430459 121.0963885
14.70421306 121.0964243
14.70423527 121.0964378
14.70424181 121.0964235
14.70418741 121.0964397
14.70416461 121.0964044
14.7041165  121.096435
14.70413603 121.0964371
14.70414978 121.0964221
14.70413561 121.096414
14.70414944 121.0964119
14.70401667 121.0962074
14.70380872 121.0960345
14.70293356 121.0959726
14.70225605 121.0957542
14.70202102 121.0957246
14.70156807 121.0957902
14.70132222 121.0958572
14.70099265 121.095835
14.70063524 121.0956564
14.70016904 121.0953845
14.69979001 121.0951879
14.69964232 121.0951614
14.69943764 121.0952859
14.69921283 121.0954641
14.70430459 121.0963885
14.70421306 121.0964243
14.70423527 121.0964378
14.70424181 121.0964235
14.70418741 121.0964397
14.70416461 121.0964044
14.7041165  121.096435
14.70413603 121.0964371
14.70414978 121.0964221
14.70413561 121.096414
14.70414944 121.0964119
14.70401667 121.0962074
14.70380872 121.0960345
14.70293356 121.0959726
14.70225605 121.0957542
14.70202102 121.0957246
14.70156807 121.0957902
14.70132222 121.0958572
14.70099265 121.095835
14.70063524 121.0956564
14.70016904 121.0953845
14.69979001 121.0951879
14.69964232 121.0951614
14.69943764 121.0952859
14.69921283 121.0954641
